Solid Composition:
index Pressure Temperature mass SiO2 TiO2 Al2O3 Fe2O3 Cr2O3 FeO MnO MgO NiO CoO CaO Na2O K2O P2O5 H2O 
1 8000.00 1300.00 0.000000 ---
2 8000.00 1297.00 0.000000 ---
3 8000.00 1294.00 0.000000 ---
4 8000.00 1291.00 0.000000 ---
5 8000.00 1288.00 0.000000 ---
6 8000.00 1285.00 0.000000 ---
7 8000.00 1282.00 0.000000 ---
8 8000.00 1279.00 0.000000 ---
9 8000.00 1276.00 0.000000 ---
10 8000.00 1273.00 0.000000 ---
11 8000.00 1270.00 0.000000 ---
12 8000.00 1267.00 0.258040 54.6979 0.281343 2.75951 0.959614 0 9.12509 0 30.2363 0 0 1.89602 0.0442679 0 0 0
13 8000.00 1270.00 0.000000 ---
14 8000.00 1269.00 0.000000 ---
15 8000.00 1268.00 0.115827 54.7105 0.281069 2.75557 0.958464 0 9.0976 0 30.2708 0 0 1.88188 0.0440386 0 0 0
16 8000.00 1269.00 0.000000 ---
17 8000.00 1268.90 0.000000 ---
18 8000.00 1268.80 0.001839 54.7207 0.280842 2.75239 0.957533 0 9.07567 0 30.2983 0 0 1.87068 0.0438563 0 0 0
19 8000.00 1268.90 0.000000 ---
20 8000.00 1268.90 0.000000 ---
21 8000.00 1266.90 0.272738 54.6966 0.281371 2.75991 0.959732 0 9.12794 0 30.2327 0 0 1.89749 0.0442917 0 0 0
22 8000.00 1264.89 0.283184 54.6711 0.281871 2.76766 0.961978 0 9.18336 0 30.1629 0 0 1.92637 0.0447561 0 0 0
23 8000.00 1262.89 0.281203 54.6457 0.282313 2.77524 0.96415 0 9.23919 0 30.0922 0 0 1.95595 0.0452269 0 0 0
24 8000.00 1260.89 0.279253 54.6203 0.282694 2.78263 0.966247 0 9.29544 0 30.0208 0 0 1.98626 0.0457042 0 0 0
25 8000.00 1258.88 0.277336 54.5948 0.283014 2.78984 0.968267 0 9.35211 0 29.9485 0 0 2.01734 0.0461883 0 0 0
26 8000.00 1256.88 0.275451 54.5693 0.28327 2.79686 0.970207 0 9.40919 0 29.8753 0 0 2.04921 0.0466792 0 0 0
27 8000.00 1254.88 0.273597 54.5438 0.283461 2.80367 0.972066 0 9.46668 0 29.8012 0 0 2.0819 0.0471772 0 0 0
28 8000.00 1252.87 0.365810 53.1776 0.483937 3.5379 1.28045 0 8.30649 0 25.2035 0 0 7.85316 0.156904 0 0 0
29 8000.00 1250.87 0.887615 51.1534 0.806276 4.65929 1.74617 0 6.51711 0 18.5701 0 0 16.2282 0.319475 0 0 0
30 8000.00 1248.87 0.873114 51.0257 0.845545 4.75409 1.77713 0 6.47707 0 18.3582 0 0 16.4352 0.327079 0 0 0
31 8000.00 1246.86 0.857824 50.9044 0.883983 4.84511 1.80593 0 6.45304 0 18.1711 0 0 16.6022 0.334176 0 0 0
32 8000.00 1244.86 0.842242 50.7871 0.922175 4.93372 1.83322 0 6.43999 0 18.0011 0 0 16.7418 0.340946 0 0 0
33 8000.00 1242.85 0.826626 50.6723 0.960483 5.02073 1.85939 0 6.43495 0 17.8434 0 0 16.8613 0.347496 0 0 0
34 8000.00 1240.85 0.811121 50.5592 0.999153 5.10668 1.88471 0 6.43602 0 17.695 0 0 16.9653 0.353893 0 0 0
35 8000.00 1238.85 0.795813 50.4472 1.03837 5.19194 1.90936 0 6.44188 0 17.5539 0 0 17.0572 0.360185 0 0 0
36 8000.00 1236.84 0.780756 50.3356 1.07828 5.27681 1.93348 0 6.4516 0 17.4186 0 0 17.1392 0.366403 0 0 0
37 8000.00 1234.84 0.765982 50.2241 1.11902 5.36148 1.95716 0 6.46448 0 17.288 0 0 17.2132 0.372572 0 0 0
38 8000.00 1232.84 0.751511 50.1125 1.16068 5.44614 1.98049 0 6.47997 0 17.1611 0 0 17.2804 0.378711 0 0 0
39 8000.00 1230.83 0.737354 50.0003 1.20338 5.53095 2.00353 0 6.49765 0 17.0374 0 0 17.3419 0.384833 0 0 0
40 8000.00 1228.83 0.723518 49.8875 1.24722 5.61603 2.02635 0 6.51715 0 16.9162 0 0 17.3987 0.390952 0 0 0
41 8000.00 1226.83 0.710005 49.7737 1.2923 5.7015 2.04899 0 6.53818 0 16.797 0 0 17.4513 0.397076 0 0 0
42 8000.00 1224.82 0.696813 49.6587 1.33872 5.78747 2.0715 0 6.56051 0 16.6795 0 0 17.5004 0.403214 0 0 0
43 8000.00 1222.82 0.683941 49.5424 1.3866 5.87404 2.0939 0 6.5839 0 16.5634 0 0 17.5464 0.409372 0 0 0
44 8000.00 1220.82 0.671385 49.4245 1.43603 5.96132 2.11624 0 6.60816 0 16.4483 0 0 17.5899 0.415557 0 0 0
45 8000.00 1218.81 0.659141 49.3048 1.48716 6.04942 2.13856 0 6.63312 0 16.334 0 0 17.6312 0.421773 0 0 0
46 8000.00 1216.81 0.647202 49.1831 1.54011 6.13845 2.16087 0 6.6586 0 16.2201 0 0 17.6707 0.428026 0 0 0
47 8000.00 1214.81 0.635565 49.0592 1.59502 6.22852 2.18322 0 6.68446 0 16.1066 0 0 17.7087 0.434319 0 0 0
48 8000.00 1212.80 0.624223 48.9329 1.65207 6.31975 2.20564 0 6.71054 0 15.993 0 0 17.7454 0.440656 0 0 0
49 8000.00 1210.80 0.613172 48.8038 1.71143 6.41229 2.22815 0 6.73667 0 15.8794 0 0 17.7813 0.447042 0 0 0
50 8000.00 1208.80 0.602405 48.6716 1.77332 6.50629 2.25079 0 6.7627 0 15.7653 0 0 17.8165 0.453479 0 0 0
51 8000.00 1206.79 0.591918 48.5361 1.83797 6.60192 2.27361 0 6.78847 0 15.6506 0 0 17.8513 0.459971 0 0 0
52 8000.00 1204.79 0.581734 48.3969 1.90564 6.69936 2.29663 0 6.8138 0 15.5351 0 0 17.8861 0.466522 0 0 0
53 8000.00 1202.79 0.571841 48.2534 1.97665 6.79885 2.31991 0 6.83852 0 15.4185 0 0 17.9211 0.473135 0 0 0
54 8000.00 1200.78 0.562213 48.1052 2.05137 6.90066 2.34348 0 6.86241 0 15.3005 0 0 17.9566 0.479815 0 0 0
55 8000.00 1198.78 0.552847 47.9517 2.13025 7.00509 2.36742 0 6.88522 0 15.1808 0 0 17.993 0.486564 0 0 0
56 8000.00 1196.77 0.543740 47.7921 2.21381 7.11254 2.39178 0 6.90666 0 15.059 0 0 18.0306 0.493387 0 0 0
57 8000.00 1194.77 0.534893 47.6256 2.3027 7.22348 2.41666 0 6.9264 0 14.9348 0 0 18.0701 0.50029 0 0 0
58 8000.00 1192.77 0.526306 47.4509 2.39775 7.3385 2.44215 0 6.94402 0 14.8075 0 0 18.1119 0.507276 0 0 0
59 8000.00 1190.76 0.517984 47.2668 2.49998 7.45836 2.46838 0 6.95901 0 14.6765 0 0 18.1566 0.514352 0 0 0
60 8000.00 1188.76 0.509933 47.0712 2.61073 7.58406 2.49552 0 6.97075 0 14.541 0 0 18.2053 0.521526 0 0 0
61 8000.00 1186.76 0.502164 46.8617 2.73179 7.71694 2.52378 0 6.97838 0 14.3998 0 0 18.2588 0.528806 0 0 0
62 8000.00 1184.75 0.494696 46.6348 2.86566 7.85886 2.55347 0 6.98077 0 14.2514 0 0 18.3189 0.536203 0 0 0
63 8000.00 1182.75 0.487558 46.3854 3.01596 8.01258 2.58504 0 6.97631 0 14.0935 0 0 18.3875 0.543731 0 0 0
64 8000.00 1180.75 0.489027 46.316 3.0782 8.0423 2.57009 0 7.3445 0 14.3376 0 0 17.7783 0.533009 0 0 0
65 8000.00 1178.74 0.492941 46.1754 3.18725 8.10976 2.56289 0 7.70469 0 14.5482 0 0 17.19 0.521787 0 0 0
66 8000.00 1176.74 0.493183 45.7153 3.48985 8.37039 2.6087 0 7.73976 0 14.376 0 0 17.1756 0.524425 0 0 0
67 8000.00 1174.74 0.584370 41.0674 6.58497 10.7678 2.65312 0 8.01826 0 13.6002 0 0 16.5377 0.446572 0 0.323972 0
68 8000.00 1172.73 0.685931 38.6898 7.01899 11.0058 2.60139 0 7.48977 0 12.5641 0 0 18.3292 0.438663 0 1.86224 0
69 8000.00 1170.73 0.672291 38.4023 7.22248 11.1971 2.58597 0 7.60395 0 12.4731 0 0 18.233 0.435769 0 1.8464 0
70 8000.00 1168.73 0.814633 32.2673 9.35962 10.7709 5.51934 0 12.6769 0 11.8049 0 0 15.438 0.362936 0 1.8001 0
71 8000.00 1166.72 0.855014 29.9812 10.1787 10.6144 6.56055 0 14.666 0 11.5003 0 0 14.3893 0.336614 0 1.77296 0
72 8000.00 1164.72 0.804342 30.1721 10.1537 10.6776 6.38447 0 14.5955 0 11.4416 0 0 14.4761 0.340417 0 1.75863 0
73 8000.00 1162.72 0.758761 30.3495 10.1303 10.7396 6.21905 0 14.5331 0 11.3838 0 0 14.556 0.344092 0 1.74458 0
74 8000.00 1160.71 0.717543 30.5151 10.1083 10.8004 6.0632 0 14.4782 0 11.3269 0 0 14.6295 0.347655 0 1.73079 0
75 8000.00 1158.71 0.680055 30.6739 10.1002 10.8595 5.90786 0 14.4215 0 11.2719 0 0 14.6964 0.351094 0 1.7177 0
76 8000.00 1156.71 0.644645 30.9323 10.471 10.9056 5.51923 0 14.1189 0 11.2562 0 0 14.7239 0.353622 0 1.7193 0
77 8000.00 1154.70 0.613358 31.0675 10.4145 10.9568 5.41663 0 14.1044 0 11.2002 0 0 14.7784 0.356937 0 1.70464 0
78 8000.00 1152.70 0.584626 31.1948 10.3595 11.0077 5.31891 0 14.0947 0 11.1444 0 0 14.8296 0.360192 0 1.69016 0
79 8000.00 1150.69 0.558153 31.3152 10.3061 11.0582 5.22563 0 14.0892 0 11.0888 0 0 14.8776 0.363394 0 1.67583 0
80 8000.00 1148.69 0.533688 31.4291 10.2542 11.1082 5.13643 0 14.0878 0 11.0334 0 0 14.9227 0.366548 0 1.66163 0
81 8000.00 1146.69 0.511015 31.5372 10.2036 11.1577 5.05096 0 14.0901 0 10.9781 0 0 14.965 0.369661 0 1.64754 0
82 8000.00 1144.68 0.489949 31.6401 10.1542 11.2068 4.96893 0 14.0959 0 10.9229 0 0 15.0049 0.372736 0 1.63354 0
83 8000.00 1142.68 0.470328 31.7381 10.1061 11.2553 4.89006 0 14.105 0 10.8678 0 0 15.0423 0.375778 0 1.61961 0
84 8000.00 1140.68 0.452013 31.8317 10.059 11.3033 4.81412 0 14.1171 0 10.8128 0 0 15.0774 0.37879 0 1.60573 0
85 8000.00 1138.67 0.434880 31.9213 10.013 11.3507 4.74088 0 14.1322 0 10.7579 0 0 15.1103 0.381775 0 1.59189 0
86 8000.00 1136.67 0.418823 32.0073 9.9679 11.3976 4.67015 0 14.1501 0 10.703 0 0 15.1412 0.384737 0 1.57806 0
87 8000.00 1134.67 0.403745 32.0898 9.92372 11.444 4.60175 0 14.1706 0 10.6482 0 0 15.17 0.387676 0 1.56424 0
88 8000.00 1132.66 0.389562 32.1693 9.88038 11.4898 4.53552 0 14.1936 0 10.5934 0 0 15.197 0.390597 0 1.55041 0
89 8000.00 1130.66 0.376199 32.246 9.83783 11.535 4.4713 0 14.2191 0 10.5387 0 0 15.2221 0.3935 0 1.53656 0
90 8000.00 1128.66 0.363591 32.3201 9.79601 11.5797 4.40897 0 14.2468 0 10.484 0 0 15.2454 0.396387 0 1.52266 0
91 8000.00 1126.65 0.351676 32.3918 9.75488 11.6238 4.3484 0 14.2769 0 10.4293 0 0 15.267 0.39926 0 1.50871 0
92 8000.00 1124.65 0.340401 32.4614 9.71438 11.6674 4.28948 0 14.309 0 10.3746 0 0 15.2869 0.40212 0 1.4947 0
93 8000.00 1122.65 0.329653 32.5348 9.69688 11.7091 4.21846 0 14.331 0 10.3234 0 0 15.3001 0.404854 0 1.48137 0
94 8000.00 1120.64 0.319453 32.6069 9.68003 11.75 4.14901 0 14.355 0 10.2723 0 0 15.3113 0.40757 0 1.46794 0
95 8000.00 1118.64 0.309765 32.6774 9.66284 11.7902 4.0816 0 14.3815 0 10.2212 0 0 15.3206 0.410274 0 1.45437 0
96 8000.00 1116.64 0.300552 32.7467 9.64528 11.8296 4.01612 0 14.4104 0 10.1701 0 0 15.3281 0.412969 0 1.44064 0
97 8000.00 1114.63 0.291784 32.8148 9.62735 11.8683 3.95247 0 14.4418 0 10.119 0 0 15.3339 0.415655 0 1.42675 0
98 8000.00 1112.63 0.286455 32.5897 9.48996 11.7298 3.89201 0 14.5135 0 10.0251 0 0 15.605 0.41144 0 1.67261 0.070761
99 8000.00 1110.63 0.287194 31.9762 9.24716 11.4753 3.7695 0 14.3417 0 9.79434 0 0 16.3685 0.403467 0 2.51738 0.106499
100 8000.00 1108.62 0.278998 32.0366 9.2314 11.5139 3.71111 0 14.3768 0 9.7416 0 0 16.3723 0.406156 0 2.50426 0.105944
101 8000.00 1106.62 0.271186 32.0961 9.21508 11.5517 3.65421 0 14.414 0 9.68875 0 0 16.3747 0.408833 0 2.49127 0.105395
102 8000.00 1104.62 0.263732 32.1547 9.1982 11.5887 3.59871 0 14.4534 0 9.63576 0 0 16.3758 0.411501 0 2.47842 0.104851
103 8000.00 1102.61 0.256615 32.2125 9.18074 11.6249 3.54455 0 14.495 0 9.58261 0 0 16.3755 0.414159 0 2.46568 0.104313
104 8000.00 1100.61 0.249812 32.2696 9.16268 11.6605 3.49167 0 14.5386 0 9.52929 0 0 16.3741 0.416809 0 2.45306 0.103778
105 8000.00 1098.60 0.243306 32.326 9.14403 11.6953 3.44 0 14.5844 0 9.47577 0 0 16.3713 0.419451 0 2.44053 0.103248
106 8000.00 1096.60 0.237077 32.3818 9.12475 11.7294 3.38949 0 14.6323 0 9.42204 0 0 16.3673 0.422085 0 2.4281 0.102722
107 8000.00 1094.60 0.231111 32.4372 9.10485 11.7628 3.34008 0 14.6822 0 9.36809 0 0 16.3622 0.424713 0 2.41575 0.1022
108 8000.00 1092.59 0.225392 32.492 9.0843 11.7956 3.29172 0 14.7342 0 9.31388 0 0 16.3558 0.427335 0 2.40347 0.101681
109 8000.00 1090.59 0.326321 32.6166 5.59352 18.5578 2.1324 0 18.3236 0 8.41282 0 0 12.2801 0.186647 0 1.81952 0.0769762
110 8000.00 1088.59 0.340342 33.0866 5.17266 18.9226 1.87781 0 18.8936 0 8.47968 0 0 11.5772 0.160124 0 1.75546 0.0742662
111 8000.00 1086.58 0.330839 33.156 5.73298 19.1158 1.44431 0 18.8255 0 8.43151 0 0 11.2944 0.147275 0 1.77702 0.075178
112 8000.00 1084.58 0.321259 33.1575 5.7122 19.1332 1.43429 0 18.9602 0 8.32923 0 0 11.2867 0.146913 0 1.76511 0.0746743
113 8000.00 1082.58 0.312083 33.158 5.69208 19.1496 1.42455 0 19.0954 0 8.22643 0 0 11.2797 0.146557 0 1.75352 0.074184
114 8000.00 1080.57 0.303288 33.1575 5.67261 19.1652 1.41507 0 19.2311 0 8.12309 0 0 11.2733 0.146207 0 1.74224 0.0737066
115 8000.00 1078.57 0.294854 33.156 5.65374 19.18 1.40586 0 19.3673 0 8.01922 0 0 11.2675 0.145863 0 1.73124 0.0732415
116 8000.00 1076.57 0.286760 33.1536 5.63547 19.194 1.3969 0 19.504 0 7.91483 0 0 11.2624 0.145524 0 1.72053 0.0727881
117 8000.00 1074.56 0.278988 33.1504 5.61778 19.2072 1.38818 0 19.6412 0 7.8099 0 0 11.2578 0.14519 0 1.71007 0.0723459
118 8000.00 1072.56 0.271521 33.1462 5.60063 19.2197 1.3797 0 19.7789 0 7.70444 0 0 11.2537 0.144861 0 1.69987 0.0719145
119 8000.00 1070.56 0.264344 33.1412 5.58402 19.2315 1.37146 0 19.9172 0 7.59845 0 0 11.2502 0.144536 0 1.68992 0.0714932
120 8000.00 1068.55 0.257440 33.1354 5.56793 19.2425 1.36344 0 20.0561 0 7.49193 0 0 11.2472 0.144215 0 1.68019 0.0710817
121 8000.00 1066.55 0.250796 33.1289 5.55233 19.2528 1.35563 0 20.1955 0 7.38488 0 0 11.2447 0.143898 0 1.67068 0.0706795
122 8000.00 1064.55 0.244400 33.1215 5.53721 19.2624 1.34804 0 20.3355 0 7.2773 0 0 11.2427 0.143585 0 1.66139 0.0702863
123 8000.00 1062.54 0.238238 33.1135 5.52256 19.2714 1.34065 0 20.4761 0 7.16918 0 0 11.2411 0.143276 0 1.6523 0.0699016
124 8000.00 1060.54 0.232299 33.1047 5.50837 19.2798 1.33346 0 20.6173 0 7.06054 0 0 11.24 0.142971 0 1.64339 0.069525
125 8000.00 1058.54 0.226572 33.0952 5.4946 19.2875 1.32646 0 20.759 0 6.95137 0 0 11.2394 0.142668 0 1.63468 0.0691562
126 8000.00 1056.53 0.221048 33.0851 5.48127 19.2945 1.31964 0 20.9014 0 6.84168 0 0 11.2391 0.14237 0 1.62613 0.0687948
127 8000.00 1054.53 0.474176 45.5266 3.45579 22.983 1.1501 0 11.0637 0 2.66278 0 0 8.05345 3.72869 0.44275 0.895279 0.0378754
128 8000.00 1052.52 0.496483 46.3343 3.34105 23.1151 1.14131 0 10.3621 0 2.40084 0 0 7.99322 3.96041 0.477948 0.838271 0.0354636
129 8000.00 1050.52 0.486523 46.5177 3.30426 23.0878 1.1255 0 10.3206 0 2.35287 0 0 7.92868 4.00941 0.491808 0.826324 0.0349582
130 8000.00 1048.52 0.476926 46.7013 3.26775 23.0601 1.10975 0 10.2786 0 2.30538 0 0 7.86353 4.05844 0.506045 0.814514 0.0344586
131 8000.00 1046.51 0.467675 46.8852 3.2315 23.0321 1.09408 0 10.2361 0 2.25836 0 0 7.79778 4.10749 0.520672 0.802832 0.0339644
132 8000.00 1044.51 0.458769 47.0695 3.19547 23.0037 1.07848 0 10.1927 0 2.21172 0 0 7.73142 4.15664 0.535714 0.791254 0.0334746
133 8000.00 1042.51 0.450186 47.2541 3.15968 22.9749 1.06295 0 10.1486 0 2.1655 0 0 7.66445 4.20583 0.55118 0.779784 0.0329894
134 8000.00 1040.50 0.441907 47.4391 3.12414 22.9457 1.0475 0 10.104 0 2.11976 0 0 7.59686 4.25502 0.567083 0.768425 0.0325088
135 8000.00 1038.50 0.433919 47.6242 3.08883 22.9161 1.03212 0 10.0588 0 2.07447 0 0 7.52865 4.3042 0.583439 0.757171 0.0320327
136 8000.00 1036.50 0.426212 47.8097 3.05375 22.8861 1.01682 0 10.013 0 2.02964 0 0 7.45983 4.35336 0.600266 0.746015 0.0315607
137 8000.00 1034.49 0.418774 47.9955 3.01889 22.8556 1.00161 0 9.96667 0 1.98527 0 0 7.3904 4.40249 0.617584 0.734952 0.0310927
138 8000.00 1032.49 0.411595 48.1815 2.98424 22.8247 0.986468 0 9.91977 0 1.94135 0 0 7.32035 4.45158 0.635412 0.723977 0.0306284
139 8000.00 1030.49 0.404665 48.3679 2.94981 22.7934 0.971411 0 9.87229 0 1.89788 0 0 7.24968 4.50061 0.653772 0.713086 0.0301676
140 8000.00 1028.48 0.397975 48.5547 2.91557 22.7616 0.956436 0 9.82423 0 1.85485 0 0 7.17838 4.54958 0.672688 0.702274 0.0297102
141 8000.00 1026.48 0.391516 48.7418 2.88153 22.7294 0.941544 0 9.77556 0 1.81227 0 0 7.10647 4.59848 0.692183 0.691535 0.0292559
142 8000.00 1024.48 0.385281 48.9293 2.84768 22.6967 0.926734 0 9.72629 0 1.77013 0 0 7.03393 4.64729 0.712284 0.680865 0.0288045
143 8000.00 1022.47 0.379262 49.1172 2.814 22.6636 0.912006 0 9.67639 0 1.72843 0 0 6.96075 4.69599 0.733019 0.670261 0.0283559
144 8000.00 1020.47 0.373451 49.3055 2.7805 22.63 0.897361 0 9.62585 0 1.68716 0 0 6.88694 4.74459 0.754419 0.659718 0.0279098
145 8000.00 1018.47 0.367843 49.4943 2.74716 22.596 0.882798 0 9.57466 0 1.64632 0 0 6.8125 4.79306 0.776516 0.649232 0.0274662
146 8000.00 1016.46 0.362431 49.6836 2.71398 22.5614 0.868318 0 9.52279 0 1.60591 0 0 6.7374 4.84139 0.799344 0.6388 0.0270249
147 8000.00 1014.46 0.357209 49.8735 2.68095 22.5264 0.853918 0 9.47021 0 1.56592 0 0 6.66165 4.88957 0.822942 0.628418 0.0265857
148 8000.00 1012.46 0.352172 50.0638 2.64807 22.4908 0.8396 0 9.4169 0 1.52635 0 0 6.58525 4.93758 0.847351 0.618082 0.0261484
149 8000.00 1010.45 0.347315 50.2548 2.61531 22.4548 0.825362 0 9.36284 0 1.48719 0 0 6.50817 4.9854 0.872614 0.607791 0.025713
150 8000.00 1008.45 0.342634 50.4465 2.58269 22.4182 0.811202 0 9.30798 0 1.44844 0 0 6.4304 5.03301 0.89878 0.597541 0.0252794
151 8000.00 1006.44 0.338125 50.6388 2.55017 22.3811 0.797121 0 9.2523 0 1.4101 0 0 6.35195 5.08041 0.925902 0.587329 0.0248474
152 8000.00 1004.44 0.333784 50.8318 2.51777 22.3435 0.783116 0 9.19574 0 1.37216 0 0 6.27279 5.12756 0.954035 0.577153 0.0244169
153 8000.00 1002.44 0.329608 51.0256 2.48547 22.3053 0.769186 0 9.13828 0 1.33462 0 0 6.19291 5.17445 0.983243 0.567012 0.0239879
154 8000.00 1000.43 0.325595 51.2203 2.45325 22.2665 0.755328 0 9.07985 0 1.29747 0 0 6.11228 5.22105 1.01359 0.556903 0.0235602
155 8000.00 998.43 0.321741 51.4158 2.42111 22.2271 0.741542 0 9.02039 0 1.2607 0 0 6.0309 5.26734 1.04516 0.546826 0.0231339
156 8000.00 996.43 0.318046 51.6124 2.38904 22.187 0.727823 0 8.95986 0 1.22432 0 0 5.94874 5.31329 1.07804 0.536779 0.0227088
157 8000.00 994.42 0.314508 51.81 2.35702 22.1463 0.71417 0 8.89817 0 1.18832 0 0 5.86577 5.35888 1.1123 0.526762 0.0222851
158 8000.00 992.42 0.311127 52.0087 2.32505 22.105 0.700579 0 8.83525 0 1.15269 0 0 5.78196 5.40407 1.14807 0.516775 0.0218626
159 8000.00 990.42 0.307902 52.2087 2.2931 22.0629 0.687046 0 8.77101 0 1.11743 0 0 5.69728 5.44882 1.18544 0.50682 0.0214414
160 8000.00 988.41 0.304835 52.41 2.26117 22.0201 0.673566 0 8.70536 0 1.08252 0 0 5.6117 5.4931 1.22456 0.496896 0.0210215
161 8000.00 986.41 0.301926 52.6128 2.22923 21.9765 0.660136 0 8.63817 0 1.04797 0 0 5.52516 5.53686 1.26557 0.487007 0.0206032
162 8000.00 984.41 0.299179 52.8173 2.19727 21.932 0.646748 0 8.56931 0 1.01377 0 0 5.43762 5.58005 1.30862 0.477156 0.0201864
163 8000.00 982.40 0.296596 53.0235 2.16528 21.8866 0.633395 0 8.49866 0 0.9799 0 0 5.34902 5.62262 1.35392 0.467346 0.0197714
164 8000.00 980.40 0.294182 53.2317 2.13321 21.8402 0.620071 0 8.42602 0 0.946363 0 0 5.25929 5.6645 1.40168 0.457584 0.0193584
165 8000.00 978.40 0.291944 53.4421 2.10106 21.7928 0.606765 0 8.35122 0 0.913146 0 0 5.16834 5.70562 1.45214 0.447877 0.0189477
166 8000.00 976.39 0.289889 53.6549 2.06878 21.7442 0.593465 0 8.27402 0 0.880238 0 0 5.07609 5.7459 1.50561 0.438233 0.0185398
167 8000.00 974.39 0.288028 53.8704 2.03635 21.6944 0.580159 0 8.19417 0 0.847627 0 0 4.98242 5.78524 1.56242 0.428665 0.018135
168 8000.00 972.39 0.286374 54.0891 2.00373 21.6431 0.56683 0 8.11133 0 0.815299 0 0 4.8872 5.82351 1.62298 0.419186 0.017734
169 8000.00 970.38 0.284942 54.3112 1.97087 21.5903 0.553457 0 8.02515 0 0.783235 0 0 4.79024 5.86058 1.68779 0.409815 0.0173375
170 8000.00 968.38 0.283755 54.5374 1.93771 21.5357 0.540016 0 7.93515 0 0.751415 0 0 4.69136 5.89629 1.75746 0.400574 0.0169466
171 8000.00 966.38 0.282840 54.7683 1.90417 21.479 0.526475 0 7.84079 0 0.719813 0 0 4.59028 5.93041 1.83271 0.391494 0.0165624
172 8000.00 964.37 0.282232 55.0046 1.87019 21.42 0.512795 0 7.74137 0 0.688399 0 0 4.48668 5.96268 1.91451 0.382611 0.0161866
173 8000.00 962.37 0.281979 55.2475 1.83564 21.3581 0.498921 0 7.63599 0 0.657129 0 0 4.38013 5.99276 2.00405 0.373974 0.0158213
174 8000.00 960.36 0.282147 55.4982 1.80038 21.2929 0.484783 0 7.5235 0 0.625952 0 0 4.27004 6.02018 2.10295 0.365651 0.0154691
175 8000.00 958.36 0.282827 55.7587 1.76422 21.2235 0.470282 0 7.40235 0 0.594792 0 0 4.15563 6.04432 2.21341 0.357731 0.0151341
176 8000.00 956.36 0.284151 56.0315 1.72689 21.1487 0.455274 0 7.27036 0 0.563544 0 0 4.03575 6.06427 2.33855 0.350346 0.0148216
177 8000.00 954.35 0.286325 56.3204 1.688 21.067 0.439537 0 7.12438 0 0.532052 0 0 3.90867 6.07864 2.48311 0.343692 0.0145401
178 8000.00 952.35 0.289684 56.6317 1.64692 20.9753 0.422704 0 6.95945 0 0.500067 0 0 3.77158 6.08511 2.65475 0.338088 0.0143031
179 8000.00 950.35 0.294846 56.9761 1.60258 20.8686 0.404095 0 6.76704 0 0.467146 0 0 3.61935 6.07941 2.86738 0.33412 0.0141352
180 8000.00 948.34 0.303155 57.3761 1.55273 20.7356 0.382179 0 6.52984 0 0.432383 0 0 3.44085 6.05175 3.15139 0.333082 0.0140913
181 8000.00 946.34 0.318836 57.8981 1.49087 20.5394 0.351844 0 6.19878 0 0.393211 0 0 3.20063 5.96853 3.605 0.339299 0.0143543
182 8000.00 944.34 0.414171 59.3815 1.33998 19.6392 0.212184 0 5.18181 0 0.322948 0 0 2.33629 5.03735 6.09168 0.438448 0.0185489
183 8000.00 942.33 0.469899 60.0068 1.26866 19.4613 0.177925 0 4.61944 0 0.271436 0 0 2.1121 4.83806 6.78234 0.443181 0.0187491
184 8000.00 940.33 0.473812 60.1425 1.24245 19.3787 0.159723 0 4.54056 0 0.253627 0 0 2.02918 4.70089 7.08565 0.447846 0.0189464
185 8000.00 938.33 0.471735 60.2323 1.21983 19.3242 0.146458 0 4.50015 0 0.237752 0 0 1.97255 4.60202 7.29664 0.449122 0.0190004
186 8000.00 936.32 0.467244 60.304 1.19845 19.2842 0.135758 0 4.47412 0 0.222431 0 0 1.9286 4.52436 7.46067 0.448493 0.0189738
187 8000.00 934.32 0.461503 60.3658 1.17765 19.2531 0.126656 0 4.45572 0 0.207339 0 0 1.89231 4.46047 7.59537 0.446648 0.0188958
188 8000.00 932.32 0.455059 60.4215 1.15717 19.2283 0.118645 0 4.4421 0 0.192362 0 0 1.86121 4.40636 7.70967 0.443957 0.0187819
189 8000.00 930.31 0.448211 60.4728 1.13689 19.208 0.111425 0 4.43188 0 0.177453 0 0 1.8339 4.35965 7.80876 0.440641 0.0186417
190 8000.00 928.31 0.441140 60.5208 1.11673 19.1912 0.104796 0 4.42437 0 0.162595 0 0 1.80949 4.31877 7.89593 0.436845 0.018481
191 8000.00 926.31 0.433962 60.566 1.09668 19.1773 0.0986141 0 4.41927 0 0.147784 0 0 1.78742 4.28261 7.97336 0.432661 0.018304
192 8000.00 924.30 0.426755 60.6087 1.07669 19.1657 0.0927703 0 4.41657 0 0.133025 0 0 1.76729 4.25036 8.04257 0.428154 0.0181134
193 8000.00 922.30 0.419577 60.6489 1.05677 19.1562 0.0871719 0 4.41654 0 0.118324 0 0 1.74883 4.22138 8.10461 0.423363 0.0179107
194 8000.00 920.30 0.412488 60.6825 1.03649 19.147 0.0841317 0 4.42356 0 0.103662 0 0 1.73167 4.19508 8.1598 0.418337 0.017698
195 8000.00 918.29 0.405511 60.7112 1.01614 19.139 0.0820813 0 4.43635 0 0.0890964 0 0 1.71587 4.17103 8.20867 0.413052 0.0174745
196 8000.00 916.29 0.398674 60.735 0.995853 19.1326 0.0800584 0 4.45551 0 0.0746704 0 0 1.70157 4.14873 8.25134 0.407465 0.0172381
197 8000.00 914.28 0.392028 60.751 0.97555 19.1279 0.0780585 0 4.48491 0 0.0604244 0 0 1.68897 4.12743 8.28733 0.401489 0.0169853
198 8000.00 912.28 0.385654 60.7536 0.955085 19.1251 0.0760715 0 4.53237 0 0.0464264 0 0 1.67864 4.10591 8.31512 0.394929 0.0167078
199 8000.00 910.28 0.379725 60.7301 0.934106 19.1251 0.0740739 0 4.61575 0 0.0328074 0 0 1.67201 4.08166 8.33073 0.387311 0.0163855