Solid Composition:
index Pressure Temperature mass SiO2 TiO2 Al2O3 Fe2O3 Cr2O3 FeO MnO MgO NiO CoO CaO Na2O K2O P2O5 H2O 
1 1000.00 1300.00 0.000000 ---
2 1000.00 1297.00 0.000000 ---
3 1000.00 1294.00 0.000000 ---
4 1000.00 1291.00 0.000000 ---
5 1000.00 1288.00 0.000000 ---
6 1000.00 1285.00 0.000000 ---
7 1000.00 1282.00 0.000000 ---
8 1000.00 1279.00 0.000000 ---
9 1000.00 1276.00 0.000000 ---
10 1000.00 1273.00 0.000000 ---
11 1000.00 1270.00 0.000000 ---
12 1000.00 1267.00 0.000000 ---
13 1000.00 1264.00 0.000000 ---
14 1000.00 1261.00 0.000000 ---
15 1000.00 1258.00 0.000000 ---
16 1000.00 1255.00 0.000000 ---
17 1000.00 1252.00 0.000000 ---
18 1000.00 1249.00 0.000000 ---
19 1000.00 1246.00 0.000000 ---
20 1000.00 1243.00 0.000000 ---
21 1000.00 1240.00 0.000000 ---
22 1000.00 1237.00 0.000000 ---
23 1000.00 1234.00 0.000000 ---
24 1000.00 1231.00 0.000000 ---
25 1000.00 1228.00 0.000000 ---
26 1000.00 1225.00 0.000000 ---
27 1000.00 1222.00 0.000000 ---
28 1000.00 1219.00 0.000000 ---
29 1000.00 1216.00 0.000000 ---
30 1000.00 1213.00 0.000000 ---
31 1000.00 1210.00 0.000000 ---
32 1000.00 1207.00 0.000000 ---
33 1000.00 1204.00 0.141964 39.8123 0 0 0 0 15.1742 0 44.6088 0 0 0.404662 0 0 0 0
34 1000.00 1207.00 0.000000 ---
35 1000.00 1206.00 0.000000 ---
36 1000.00 1205.00 0.058253 39.8205 0 0 0 0 15.1309 0 44.6446 0 0 0.403911 0 0 0 0
37 1000.00 1206.00 0.000000 ---
38 1000.00 1205.90 0.000000 ---
39 1000.00 1205.80 0.000000 ---
40 1000.00 1205.70 0.000000 ---
41 1000.00 1205.60 0.007911 39.8255 0 0 0 0 15.105 0 44.6661 0 0 0.403461 0 0 0 0
42 1000.00 1205.70 0.000000 ---
43 1000.00 1205.70 0.000000 ---
44 1000.00 1200.69 0.417172 39.7851 0 0 0 0 15.3182 0 44.4896 0 0 0.407153 0 0 0 0
45 1000.00 1195.68 0.409961 39.7431 0 0 0 0 15.5394 0 44.3065 0 0 0.410943 0 0 0 0
46 1000.00 1190.68 0.402449 39.7005 0 0 0 0 15.7645 0 44.1203 0 0 0.414756 0 0 0 0
47 1000.00 1185.67 0.395121 39.6571 0 0 0 0 15.9935 0 43.9308 0 0 0.418595 0 0 0 0
48 1000.00 1180.66 0.387974 39.6129 0 0 0 0 16.2266 0 43.738 0 0 0.422461 0 0 0 0
49 1000.00 1175.65 0.381003 39.5679 0 0 0 0 16.4639 0 43.5418 0 0 0.426356 0 0 0 0
50 1000.00 1170.65 0.374206 39.5222 0 0 0 0 16.7055 0 43.3421 0 0 0.430281 0 0 0 0
51 1000.00 1165.64 0.367577 39.4756 0 0 0 0 16.9515 0 43.1387 0 0 0.434238 0 0 0 0
52 1000.00 1160.63 0.361115 39.4281 0 0 0 0 17.2021 0 42.9315 0 0 0.438231 0 0 0 0
53 1000.00 1155.62 0.354816 39.3797 0 0 0 0 17.4574 0 42.7205 0 0 0.44226 0 0 0 0
54 1000.00 1150.62 0.348676 39.3305 0 0 0 0 17.7176 0 42.5056 0 0 0.446329 0 0 0 0
55 1000.00 1145.61 0.342694 39.2803 0 0 0 0 17.9828 0 42.2865 0 0 0.45044 0 0 0 0
56 1000.00 1140.60 0.336865 39.2291 0 0 0 0 18.2531 0 42.0632 0 0 0.454595 0 0 0 0
57 1000.00 1135.59 0.331188 39.1769 0 0 0 0 18.5288 0 41.8355 0 0 0.458799 0 0 0 0
58 1000.00 1130.58 0.693245 44.3153 1.45497 3.68494 1.49847 0 10.4616 0 25.1857 0 0 13.2565 0.142458 0 0 0
59 1000.00 1125.58 2.141375 46.8496 2.6471 6.24966 2.48493 0 5.54137 0 15.0621 0 0 20.9285 0.236692 0 0 0
60 1000.00 1120.57 2.076337 46.0896 3.05358 6.66343 2.57986 0 5.7082 0 14.7926 0 0 20.8677 0.245083 0 0 0
61 1000.00 1115.56 2.036699 45.0271 3.6383 7.21965 2.69716 0 5.90037 0 14.4845 0 0 20.7796 0.253267 0 0 0
62 1000.00 1110.55 2.902623 35.821 7.84844 7.50573 6.71615 0 11.8393 0 12.8776 0 0 17.1775 0.21428 0 0 0
63 1000.00 1105.55 2.895839 33.7553 8.92483 7.65392 7.3017 0 13.3905 0 12.3373 0 0 16.4281 0.208294 0 0 0
64 1000.00 1100.54 2.458947 33.8923 9.11529 8.4387 6.42118 0 12.7235 0 12.2877 0 0 16.907 0.214326 0 0 0
65 1000.00 1095.53 2.119214 33.3593 9.70855 9.92758 5.34123 0 11.6764 0 12.3285 0 0 17.4427 0.215729 0 0 0
66 1000.00 1090.52 1.861841 33.709 9.56879 10.059 4.9876 0 11.585 0 12.2557 0 0 17.6152 0.219734 0 0 0
67 1000.00 1085.52 1.653282 34.0196 9.43285 10.1701 4.67897 0 11.5324 0 12.1868 0 0 17.7557 0.223554 0 0 0
68 1000.00 1080.51 1.481246 34.2983 9.29998 10.2652 4.40552 0 11.5129 0 12.121 0 0 17.8698 0.227228 0 0 0
69 1000.00 1075.50 1.337230 34.5499 9.16953 10.3473 4.1601 0 11.5228 0 12.0581 0 0 17.9616 0.230778 0 0 0
70 1000.00 1070.49 2.281556 40.3239 4.74681 18.6749 3.22789 0 10.9219 0 7.85891 0 0 12.3319 1.81042 0.103345 0 0
71 1000.00 1065.48 2.284181 41.2612 4.2447 19.612 2.93036 0 10.8959 0 7.2301 0 0 11.6425 2.06177 0.121497 0 0
72 1000.00 1060.48 2.116966 41.706 4.12619 19.8229 2.70492 0 10.9196 0 6.96611 0 0 11.4443 2.17869 0.131193 0 0
73 1000.00 1055.47 1.968900 42.1363 4.0135 20.0198 2.49539 0 10.9394 0 6.71368 0 0 11.2443 2.29618 0.141319 0 0
74 1000.00 1050.46 1.953605 41.1264 3.80035 19.476 2.23475 0 10.7395 0 6.35665 0 0 12.3906 2.32938 0.146842 1.34269 0.0568034
75 1000.00 1045.45 1.880668 40.7568 3.65069 19.2832 2.01769 0 10.6186 0 6.06083 0 0 12.9138 2.40109 0.155242 2.05512 0.0869435
76 1000.00 1040.45 1.747205 41.2281 3.56323 19.5101 1.85127 0 10.6205 0 5.8368 0 0 12.6366 2.52579 0.16751 1.97641 0.0836133
77 1000.00 1035.44 1.629673 41.6863 3.47686 19.7169 1.69822 0 10.6245 0 5.62163 0 0 12.3622 2.65013 0.180317 1.90258 0.0804902
78 1000.00 1030.43 1.525531 42.1327 3.39141 19.9048 1.55726 0 10.6305 0 5.41452 0 0 12.0905 2.77395 0.193682 1.83307 0.0775495
79 1000.00 1025.42 1.432728 42.5687 3.30681 20.0747 1.4273 0 10.6389 0 5.2148 0 0 11.8219 2.89707 0.207623 1.76738 0.0747703
80 1000.00 1020.42 1.349589 42.995 3.22302 20.2277 1.30739 0 10.6498 0 5.02187 0 0 11.5566 3.01931 0.222156 1.70509 0.0721352
81 1000.00 1015.41 1.280020 43.6836 3.57229 20.448 0.911047 0 9.98583 0 4.91331 0 0 11.3582 3.14746 0.238185 1.67141 0.0707104
82 1000.00 1010.40 1.212940 44.192 3.62767 20.5963 0.728124 0 9.76202 0 4.76793 0 0 11.1123 3.26714 0.254482 1.62337 0.0686778
83 1000.00 1005.39 1.150000 44.5768 3.49158 20.6958 0.680868 0 9.83646 0 4.59392 0 0 10.8387 3.38175 0.271152 1.56667 0.0662792
84 1000.00 1000.38 1.092976 44.9541 3.3609 20.7823 0.635831 0 9.9144 0 4.4232 0 0 10.5695 3.49494 0.288504 1.51234 0.0639806
85 1000.00 995.38 1.041065 45.3242 3.23544 20.8558 0.592988 0 9.99535 0 4.2557 0 0 10.3055 3.60647 0.306552 1.46018 0.061774
86 1000.00 990.37 0.993586 45.6876 3.11505 20.9166 0.552318 0 10.0787 0 4.09136 0 0 10.0473 3.71611 0.325318 1.41004 0.0596527
87 1000.00 985.36 0.949962 46.0446 2.99957 20.9651 0.513808 0 10.1635 0 3.93016 0 0 9.79535 3.8237 0.344826 1.36177 0.0576106
88 1000.00 980.35 0.909702 46.3956 2.88888 21.0018 0.477442 0 10.2488 0 3.77211 0 0 9.5502 3.92912 0.365108 1.31524 0.0556422
89 1000.00 975.35 0.872388 46.7411 2.78287 21.0273 0.443208 0 10.3335 0 3.61725 0 0 9.31226 4.03226 0.386202 1.27033 0.0537424
90 1000.00 970.34 0.836861 47.0861 2.68728 21.0058 0.413827 0 10.3936 0 3.47641 0 0 9.12627 4.12443 0.407199 1.22717 0.0519161
91 1000.00 965.33 0.803417 47.4297 2.59754 20.9623 0.387294 0 10.4417 0 3.34268 0 0 8.9632 4.21155 0.428759 1.18523 0.050142
92 1000.00 960.32 0.772256 47.7704 2.5103 20.9165 0.362066 0 10.4887 0 3.21024 0 0 8.79919 4.29845 0.451489 1.14424 0.0484079
93 1000.00 955.32 0.743150 48.1086 2.42557 20.8691 0.338156 0 10.5336 0 3.07916 0 0 8.63434 4.38513 0.475494 1.10412 0.0467106
94 1000.00 950.31 0.715898 48.4447 2.34334 20.8203 0.315572 0 10.5754 0 2.94953 0 0 8.46875 4.47162 0.50089 1.0648 0.0450472
95 1000.00 945.30 0.690325 48.7792 2.26361 20.7708 0.294316 0 10.6127 0 2.82149 0 0 8.30246 4.55793 0.527811 1.02622 0.043415
96 1000.00 940.29 0.666279 49.1126 2.18638 20.7208 0.274381 0 10.6445 0 2.69519 0 0 8.13553 4.6441 0.556409 0.988308 0.0418111
97 1000.00 935.28 0.643627 49.4454 2.11162 20.6707 0.255754 0 10.6696 0 2.57081 0 0 7.96795 4.73013 0.586859 0.951005 0.040233
98 1000.00 930.28 0.622255 49.7782 2.0393 20.6208 0.238415 0 10.6867 0 2.44852 0 0 7.79968 4.81606 0.619363 0.914248 0.0386779
99 1000.00 925.27 0.602066 50.1116 1.96935 20.5714 0.222337 0 10.695 0 2.32853 0 0 7.63066 4.90187 0.654156 0.877974 0.0371433
100 1000.00 920.26 0.582976 50.4463 1.90173 20.5226 0.207488 0 10.6932 0 2.21101 0 0 7.46075 4.98757 0.691514 0.842123 0.0356266
101 1000.00 915.25 0.564916 50.783 1.83635 20.4746 0.193828 0 10.6806 0 2.09613 0 0 7.28979 5.07314 0.731766 0.806633 0.0341252
102 1000.00 910.25 0.547828 51.1225 1.77312 20.4275 0.181314 0 10.6561 0 1.98406 0 0 7.11752 5.15854 0.775305 0.771445 0.0326365
103 1000.00 905.24 0.531668 51.4656 1.71194 20.381 0.169899 0 10.619 0 1.87493 0 0 6.94363 5.24371 0.822613 0.736502 0.0311583
104 1000.00 900.23 0.516402 51.8132 1.6527 20.3353 0.159531 0 10.5684 0 1.76884 0 0 6.76772 5.32858 0.874286 0.701752 0.0296881
105 1000.00 895.22 0.502014 52.1665 1.59525 20.2899 0.150156 0 10.5035 0 1.66585 0 0 6.58928 5.41304 0.931084 0.66715 0.0282242
106 1000.00 890.22 0.488499 52.5269 1.53943 20.2447 0.141717 0 10.4232 0 1.56599 0 0 6.40762 5.49697 0.993993 0.63266 0.0267652
107 1000.00 885.21 0.475876 52.8962 1.48505 20.1991 0.134152 0 10.3263 0 1.46923 0 0 6.22184 5.58018 1.06434 0.598268 0.0253102
108 1000.00 880.20 0.464195 53.2768 1.43187 20.1525 0.127397 0 10.211 0 1.37548 0 0 6.03073 5.66243 1.14396 0.563983 0.0238597
109 1000.00 875.19 0.453551 53.6723 1.37956 20.1037 0.121376 0 10.0748 0 1.28452 0 0 5.83248 5.74341 1.23558 0.529866 0.0224164
110 1000.00 870.18 0.771690 58.6794 1.01986 18.8309 0.0674275 0 5.76487 0 0.686207 0 0 3.27798 4.47764 6.51936 0.648917 0.0274529
111 1000.00 865.18 1.143695 60.9725 0.837767 18.2515 0.0551079 0 3.76122 0 0.4153 0 0 2.1016 3.83381 9.04232 0.699253 0.0295824
112 1000.00 860.17 1.080566 61.0328 0.803985 18.2754 0.0538107 0 3.74793 0 0.400819 0 0 2.09582 3.8127 9.07682 0.671509 0.0284087
113 1000.00 855.16 1.055182 61.4823 0.795076 17.7852 0.114536 0 2.98026 0 0.534123 0 0 2.69069 3.56763 9.40134 0.622481 0.0263345
114 1000.00 850.15 0.996003 61.515 0.755363 17.8265 0.110148 0 3.04894 0 0.500889 0 0 2.66351 3.57966 9.37987 0.594947 0.0251697
115 1000.00 845.15 2.190519 59.8457 0.489375 17.8515 0.0732731 0 2.58195 0 0.342553 0 0 2.82071 3.78491 8.65213 0.732666 2.82528
116 1000.00 840.14 2.380455 59.4736 0.424147 17.7572 0.0706029 0 2.61707 0 0.293625 0 0 2.88084 3.89079 8.37927 0.757512 3.45528
117 1000.00 835.13 1.789922 59.5522 0.419719 17.6371 0.0582227 0 2.77096 0 0.272647 0 0 2.89888 3.95444 8.24758 0.744978 3.44325
118 1000.00 830.12 1.400028 59.5366 0.412136 17.5351 0.0674421 0 2.97844 0 0.242658 0 0 2.92885 4.01053 8.12789 0.730656 3.42965
119 1000.00 825.12 1.129691 59.5242 0.399654 17.4309 0.0772206 0 3.18935 0 0.210663 0 0 2.96452 4.05986 8.01594 0.715196 3.41255
120 1000.00 820.11 0.934696 59.512 0.387646 17.3228 0.0874036 0 3.40453 0 0.176498 0 0 3.00532 4.10303 7.91032 0.698652 3.3918
121 1000.00 815.10 0.789210 59.4996 0.376 17.2082 0.0980858 0 3.62611 0 0.140455 0 0 3.05342 4.13998 7.80968 0.68072 3.36776
122 1000.00 810.09 0.678036 59.4839 0.364592 17.0812 0.109619 0 3.8601 0 0.103067 0 0 3.11403 4.16956 7.71195 0.660912 3.34105