Solid Composition:
index Pressure Temperature mass SiO2 TiO2 Al2O3 Fe2O3 Cr2O3 FeO MnO MgO NiO CoO CaO Na2O K2O P2O5 H2O 
1 2000.00 1300.00 0.000000 ---
2 2000.00 1297.00 0.000000 ---
3 2000.00 1294.00 0.000000 ---
4 2000.00 1291.00 0.000000 ---
5 2000.00 1288.00 0.000000 ---
6 2000.00 1285.00 0.000000 ---
7 2000.00 1282.00 0.000000 ---
8 2000.00 1279.00 0.000000 ---
9 2000.00 1276.00 0.000000 ---
10 2000.00 1273.00 0.000000 ---
11 2000.00 1270.00 0.000000 ---
12 2000.00 1267.00 0.000000 ---
13 2000.00 1264.00 0.000000 ---
14 2000.00 1261.00 0.000000 ---
15 2000.00 1258.00 0.000000 ---
16 2000.00 1255.00 0.000000 ---
17 2000.00 1252.00 0.000000 ---
18 2000.00 1249.00 0.000000 ---
19 2000.00 1246.00 0.000000 ---
20 2000.00 1243.00 0.000000 ---
21 2000.00 1240.00 0.000000 ---
22 2000.00 1237.00 0.000000 ---
23 2000.00 1234.00 0.000000 ---
24 2000.00 1231.00 0.000000 ---
25 2000.00 1228.00 0.000000 ---
26 2000.00 1225.00 0.000000 ---
27 2000.00 1222.00 0.000000 ---
28 2000.00 1219.00 0.000000 ---
29 2000.00 1216.00 0.000000 ---
30 2000.00 1213.00 0.000000 ---
31 2000.00 1210.00 0.219237 39.7962 0 0 0 0 15.2681 0 44.5433 0 0 0.392387 0 0 0 0
32 2000.00 1213.00 0.000000 ---
33 2000.00 1212.00 0.052348 39.8125 0 0 0 0 15.1819 0 44.6146 0 0 0.390948 0 0 0 0
34 2000.00 1213.00 0.000000 ---
35 2000.00 1212.90 0.000000 ---
36 2000.00 1212.80 0.000000 ---
37 2000.00 1212.70 0.000000 ---
38 2000.00 1212.60 0.002095 39.8174 0 0 0 0 15.1561 0 44.6359 0 0 0.390517 0 0 0 0
39 2000.00 1212.70 0.000000 ---
40 2000.00 1212.70 0.000000 ---
41 2000.00 1210.70 0.161186 39.8019 0 0 0 0 15.238 0 44.5682 0 0 0.391885 0 0 0 0
42 2000.00 1208.69 0.166240 39.7855 0 0 0 0 15.3248 0 44.4964 0 0 0.393329 0 0 0 0
43 2000.00 1206.69 0.165006 39.7689 0 0 0 0 15.4121 0 44.4242 0 0 0.394776 0 0 0 0
44 2000.00 1204.69 0.163784 39.7523 0 0 0 0 15.5001 0 44.3515 0 0 0.396226 0 0 0 0
45 2000.00 1202.68 0.162574 39.7355 0 0 0 0 15.5886 0 44.2782 0 0 0.39768 0 0 0 0
46 2000.00 1200.68 0.161376 39.7186 0 0 0 0 15.6777 0 44.2045 0 0 0.399138 0 0 0 0
47 2000.00 1198.68 0.160189 39.7016 0 0 0 0 15.7675 0 44.1303 0 0 0.400599 0 0 0 0
48 2000.00 1196.68 0.159015 39.6845 0 0 0 0 15.8579 0 44.0556 0 0 0.402064 0 0 0 0
49 2000.00 1194.67 0.157852 39.6672 0 0 0 0 15.9489 0 43.9804 0 0 0.403533 0 0 0 0
50 2000.00 1192.67 0.156700 39.6499 0 0 0 0 16.0405 0 43.9046 0 0 0.405005 0 0 0 0
51 2000.00 1190.67 0.155560 39.6324 0 0 0 0 16.1328 0 43.8283 0 0 0.406482 0 0 0 0
52 2000.00 1188.66 0.154431 39.6148 0 0 0 0 16.2257 0 43.7515 0 0 0.407963 0 0 0 0
53 2000.00 1186.66 0.153313 39.5971 0 0 0 0 16.3193 0 43.6742 0 0 0.409448 0 0 0 0
54 2000.00 1184.66 0.152207 39.5792 0 0 0 0 16.4136 0 43.5963 0 0 0.410938 0 0 0 0
55 2000.00 1182.65 0.151111 39.5613 0 0 0 0 16.5085 0 43.5178 0 0 0.412432 0 0 0 0
56 2000.00 1180.65 0.150026 39.5431 0 0 0 0 16.6041 0 43.4388 0 0 0.413931 0 0 0 0
57 2000.00 1178.65 0.148952 39.5249 0 0 0 0 16.7004 0 43.3593 0 0 0.415434 0 0 0 0
58 2000.00 1176.65 0.147889 39.5065 0 0 0 0 16.7974 0 43.2791 0 0 0.416943 0 0 0 0
59 2000.00 1174.64 0.146837 39.488 0 0 0 0 16.8951 0 43.1984 0 0 0.418456 0 0 0 0
60 2000.00 1172.64 0.145795 39.4694 0 0 0 0 16.9935 0 43.1171 0 0 0.419974 0 0 0 0
61 2000.00 1170.64 0.144763 39.4506 0 0 0 0 17.0926 0 43.0352 0 0 0.421498 0 0 0 0
62 2000.00 1168.63 0.143742 39.4317 0 0 0 0 17.1925 0 42.9528 0 0 0.423027 0 0 0 0
63 2000.00 1166.63 0.142732 39.4127 0 0 0 0 17.2931 0 42.8697 0 0 0.424561 0 0 0 0
64 2000.00 1164.63 0.141731 39.3935 0 0 0 0 17.3944 0 42.786 0 0 0.426101 0 0 0 0
65 2000.00 1162.62 0.140741 39.3742 0 0 0 0 17.4965 0 42.7016 0 0 0.427647 0 0 0 0
66 2000.00 1160.62 0.139761 39.3547 0 0 0 0 17.5994 0 42.6167 0 0 0.429199 0 0 0 0
67 2000.00 1158.62 0.138790 39.3351 0 0 0 0 17.7031 0 42.5311 0 0 0.430757 0 0 0 0
68 2000.00 1156.62 0.137830 39.3153 0 0 0 0 17.8075 0 42.4449 0 0 0.432321 0 0 0 0
69 2000.00 1154.61 0.136880 39.2954 0 0 0 0 17.9127 0 42.358 0 0 0.433892 0 0 0 0
70 2000.00 1152.61 0.135939 39.2753 0 0 0 0 18.0187 0 42.2705 0 0 0.435469 0 0 0 0
71 2000.00 1150.61 0.135008 39.2551 0 0 0 0 18.1256 0 42.1823 0 0 0.437054 0 0 0 0
72 2000.00 1148.60 0.570130 47.4842 1.7188 5.01529 2.02775 0 6.59861 0 18.2017 0 0 18.733 0.220656 0 0 0
73 2000.00 1146.60 0.839579 48.1558 1.97422 5.62572 2.25895 0 5.465 0 15.6966 0 0 20.5773 0.246528 0 0 0
74 2000.00 1144.60 0.825174 47.98 2.06038 5.73093 2.28505 0 5.5199 0 15.61 0 0 20.5637 0.25004 0 0 0
75 2000.00 1142.59 0.811393 47.7943 2.15242 5.84049 2.31196 0 5.57573 0 15.522 0 0 20.5495 0.253589 0 0 0
76 2000.00 1140.59 0.798251 47.5973 2.25117 5.95506 2.33981 0 5.63257 0 15.4322 0 0 20.5347 0.257176 0 0 0
77 2000.00 1138.59 0.785776 47.3872 2.35767 6.07543 2.36872 0 5.69052 0 15.3404 0 0 20.5192 0.260797 0 0 0
78 2000.00 1136.58 0.774005 47.1619 2.47325 6.20265 2.39887 0 5.7497 0 15.2463 0 0 20.5029 0.26445 0 0 0
79 2000.00 1134.58 0.762998 46.9183 2.59964 6.33807 2.43046 0 5.81028 0 15.1496 0 0 20.4856 0.26813 0 0 0
80 2000.00 1132.58 0.752837 46.6525 2.73918 6.48354 2.46378 0 5.87246 0 15.0496 0 0 20.4671 0.271833 0 0 0
81 2000.00 1130.58 0.743649 46.3591 2.89512 6.64167 2.49923 0 5.93652 0 14.9456 0 0 20.4471 0.275549 0 0 0
82 2000.00 1128.57 0.735629 46.0299 3.07229 6.81633 2.53737 0 6.00289 0 14.8367 0 0 20.4253 0.279262 0 0 0
83 2000.00 1126.57 0.729092 45.6521 3.27824 7.01362 2.57906 0 6.07223 0 14.7211 0 0 20.4007 0.282945 0 0 0
84 2000.00 1124.57 0.724598 45.2035 3.52612 7.24423 2.62572 0 6.14575 0 14.5962 0 0 20.3719 0.286549 0 0 0
85 2000.00 1122.56 0.831012 41.18 5.35441 7.47809 4.34595 0 8.58011 0 13.9008 0 0 18.8915 0.26908 0 0 0
86 2000.00 1120.56 1.248456 32.7874 9.11731 7.50983 8.15077 0 14.2399 0 12.4734 0 0 15.499 0.22235 0 0 0
87 2000.00 1118.56 1.160762 33.0959 9.04879 7.56512 7.85315 0 14.1198 0 12.4247 0 0 15.6663 0.226246 0 0 0
88 2000.00 1116.55 1.083907 33.3716 8.99029 7.62581 7.57488 0 14.0074 0 12.3785 0 0 15.8214 0.230021 0 0 0
89 2000.00 1114.55 1.015926 33.6175 8.9412 7.69265 7.31296 0 13.9007 0 12.3349 0 0 15.9664 0.233694 0 0 0
90 2000.00 1112.55 0.955310 33.8353 8.9015 7.76707 7.06463 0 13.7974 0 12.294 0 0 16.1029 0.237281 0 0 0
91 2000.00 1110.55 0.900846 34.0201 8.87581 7.85834 6.82382 0 13.6899 0 12.2569 0 0 16.2343 0.240773 0 0 0
92 2000.00 1108.54 0.843170 32.6468 10.0142 9.95969 5.63688 0 12.2322 0 12.438 0 0 16.8354 0.23677 0 0 0
93 2000.00 1106.54 0.799191 32.7955 9.96292 10.02 5.47641 0 12.1845 0 12.4089 0 0 16.9131 0.238641 0 0 0
94 2000.00 1104.54 0.758997 32.9364 9.91214 10.0765 5.32535 0 12.1441 0 12.3805 0 0 16.9845 0.240469 0 0 0
95 2000.00 1102.53 0.722133 33.0704 9.86186 10.1294 5.18272 0 12.1104 0 12.3527 0 0 17.0502 0.242257 0 0 0
96 2000.00 1100.53 0.688211 33.1979 9.81206 10.1792 5.04768 0 12.083 0 12.3255 0 0 17.1107 0.24401 0 0 0
97 2000.00 1098.53 0.656904 33.3195 9.76268 10.2261 4.91951 0 12.0613 0 12.2988 0 0 17.1664 0.24573 0 0 0
98 2000.00 1096.52 0.627931 33.4356 9.71371 10.2703 4.79757 0 12.0449 0 12.2727 0 0 17.2177 0.247421 0 0 0
99 2000.00 1094.52 0.601049 33.5467 9.6651 10.3122 4.68131 0 12.0337 0 12.247 0 0 17.2649 0.249084 0 0 0
100 2000.00 1092.52 0.576049 33.6531 9.61683 10.3518 4.57023 0 12.0274 0 12.2217 0 0 17.3083 0.250721 0 0 0
101 2000.00 1090.52 0.552745 33.755 9.56888 10.3894 4.46389 0 12.0256 0 12.1969 0 0 17.348 0.252335 0 0 0
102 2000.00 1088.51 0.530980 33.8528 9.52122 10.4251 4.3619 0 12.0284 0 12.1724 0 0 17.3843 0.253925 0 0 0
103 2000.00 1086.51 0.510611 33.9467 9.47381 10.459 4.2639 0 12.0354 0 12.1483 0 0 17.4174 0.255493 0 0 0
104 2000.00 1084.51 0.491514 34.0368 9.42665 10.4914 4.16959 0 12.0466 0 12.1246 0 0 17.4474 0.257041 0 0 0
105 2000.00 1082.50 0.473580 34.1233 9.3797 10.5222 4.07867 0 12.0619 0 12.1011 0 0 17.4745 0.258567 0 0 0
106 2000.00 1080.50 0.456709 34.2065 9.33295 10.5516 3.99089 0 12.0812 0 12.078 0 0 17.4988 0.260074 0 0 0
107 2000.00 1078.50 0.440816 34.2864 9.28638 10.5796 3.90601 0 12.1045 0 12.0551 0 0 17.5203 0.26156 0 0 0
108 2000.00 1076.49 0.425821 34.3632 9.23995 10.6064 3.82382 0 12.1318 0 12.0325 0 0 17.5393 0.263026 0 0 0
109 2000.00 1074.49 0.425285 34.8441 8.89716 11.2064 3.69268 0 12.0886 0 11.7189 0 0 17.1588 0.384933 0.00836559 0 0
110 2000.00 1072.49 0.893789 41.6013 4.04674 20.5537 2.78793 0 10.9031 0 6.91911 0 0 10.6621 2.37818 0.147818 0 0
111 2000.00 1070.48 0.868919 41.7817 4.00308 20.6225 2.70185 0 10.9172 0 6.81386 0 0 10.5799 2.42756 0.152338 0 0
112 2000.00 1068.48 0.845132 41.9598 3.96025 20.6893 2.61807 0 10.9304 0 6.71057 0 0 10.4978 2.4769 0.156934 0 0
113 2000.00 1066.48 0.829262 41.9561 3.90183 20.6543 2.52945 0 10.9185 0 6.59378 0 0 10.59 2.51478 0.160897 0.17304 0.00732057
114 2000.00 1064.48 0.885842 40.1952 3.68679 19.6463 2.37617 0 10.6682 0 6.32977 0 0 12.3828 2.43963 0.157847 2.03141 0.0859403
115 2000.00 1062.47 0.858686 40.406 3.65046 19.7364 2.29848 0 10.6751 0 6.22932 0 0 12.2676 2.49232 0.163032 1.99683 0.0844773
116 2000.00 1060.47 0.832911 40.6132 3.61481 19.8235 2.22311 0 10.6815 0 6.13091 0 0 12.1535 2.54481 0.168303 1.96331 0.0830594
117 2000.00 1058.47 0.808421 40.8169 3.57981 19.9075 2.14996 0 10.6875 0 6.03448 0 0 12.0406 2.5971 0.173659 1.93081 0.0816845
118 2000.00 1056.46 0.785125 41.0173 3.54544 19.9887 2.07895 0 10.6929 0 5.93997 0 0 11.9288 2.64917 0.179102 1.89927 0.0803501
119 2000.00 1054.46 0.762944 41.2145 3.51167 20.067 2.01002 0 10.698 0 5.84731 0 0 11.8181 2.70101 0.184634 1.86864 0.0790544
120 2000.00 1052.46 0.741803 41.4084 3.47849 20.1427 1.94308 0 10.7028 0 5.75644 0 0 11.7085 2.75261 0.190254 1.83888 0.0777954
121 2000.00 1050.45 0.721634 41.5992 3.44588 20.2158 1.87807 0 10.7072 0 5.66731 0 0 11.6 2.80396 0.195963 1.80995 0.0765713
122 2000.00 1048.45 0.702375 41.787 3.41381 20.2864 1.81492 0 10.7114 0 5.57986 0 0 11.4926 2.85504 0.201764 1.7818 0.0753805
123 2000.00 1046.45 0.683968 41.9718 3.38228 20.3547 1.75359 0 10.7153 0 5.49404 0 0 11.3863 2.90585 0.207656 1.75441 0.0742214
124 2000.00 1044.45 0.666361 42.1536 3.35125 20.4206 1.694 0 10.719 0 5.4098 0 0 11.281 2.95637 0.21364 1.72772 0.0730926
125 2000.00 1042.44 0.649504 42.3326 3.32072 20.4842 1.63612 0 10.7226 0 5.32708 0 0 11.1767 3.00659 0.219718 1.70172 0.0719926
126 2000.00 1040.44 0.633353 42.5087 3.29068 20.5457 1.57988 0 10.726 0 5.24585 0 0 11.0735 3.0565 0.22589 1.67638 0.0709203
127 2000.00 1038.44 0.617866 42.682 3.26109 20.6052 1.52524 0 10.7294 0 5.16606 0 0 10.9713 3.10608 0.232158 1.65165 0.0698743
128 2000.00 1036.43 0.603004 42.8525 3.23196 20.6626 1.47216 0 10.7328 0 5.08765 0 0 10.8701 3.15533 0.238522 1.62752 0.0688535
129 2000.00 1034.43 0.588733 43.0203 3.20325 20.718 1.42059 0 10.7361 0 5.0106 0 0 10.77 3.20423 0.244983 1.60397 0.0678569
130 2000.00 1032.43 0.575017 43.1855 3.17497 20.7716 1.37049 0 10.7396 0 4.93485 0 0 10.6709 3.25278 0.251542 1.58095 0.0668834
131 2000.00 1030.42 0.561828 43.348 3.1471 20.8233 1.32183 0 10.7431 0 4.86037 0 0 10.5727 3.30096 0.2582 1.55846 0.065932
132 2000.00 1028.42 0.549135 43.5078 3.11962 20.8733 1.27456 0 10.7467 0 4.78711 0 0 10.4756 3.34876 0.264959 1.53648 0.0650018
133 2000.00 1026.42 0.543390 44.1601 3.57146 20.8818 0.897384 0 10.0174 0 4.76682 0 0 10.4141 3.41533 0.273516 1.53707 0.0650269
134 2000.00 1024.42 0.531803 44.3706 3.61496 20.9336 0.810146 0 9.90669 0 4.71067 0 0 10.326 3.46266 0.280752 1.51969 0.0642917
135 2000.00 1022.41 0.520116 44.5276 3.56145 20.9679 0.789316 0 9.93299 0 4.64078 0 0 10.2225 3.5082 0.287989 1.49785 0.0633677
136 2000.00 1020.41 0.508908 44.6834 3.50876 21.0004 0.76887 0 9.95979 0 4.57141 0 0 10.1197 3.5535 0.295343 1.4764 0.0624601
137 2000.00 1018.41 0.498138 44.8378 3.45693 21.0308 0.748819 0 9.98711 0 4.50263 0 0 10.0177 3.59851 0.302813 1.45534 0.0615692
138 2000.00 1016.40 0.487779 44.9908 3.40595 21.0593 0.729162 0 10.0149 0 4.43444 0 0 9.91648 3.6432 0.310398 1.43466 0.0606945
139 2000.00 1014.40 0.477810 45.1426 3.35582 21.0857 0.709896 0 10.0432 0 4.36682 0 0 9.81616 3.68756 0.318101 1.41436 0.0598354
140 2000.00 1012.40 0.468208 45.2931 3.30651 21.1101 0.69102 0 10.0719 0 4.29978 0 0 9.71674 3.73157 0.325921 1.39441 0.0589916
141 2000.00 1010.39 0.458604 45.4437 3.26355 21.1029 0.674838 0 10.0877 0 4.24116 0 0 9.65131 3.76834 0.333166 1.37521 0.0581794
142 2000.00 1008.39 0.449315 45.5937 3.22149 21.0922 0.659096 0 10.1028 0 4.18352 0 0 9.58858 3.80445 0.340486 1.35632 0.0573802
143 2000.00 1006.39 0.440357 45.7429 3.17983 21.0808 0.643583 0 10.1183 0 4.12615 0 0 9.5256 3.84052 0.347944 1.33768 0.0565917
144 2000.00 1004.38 0.431714 45.8915 3.13856 21.0687 0.628301 0 10.1344 0 4.06902 0 0 9.46236 3.87655 0.355546 1.31929 0.0558136
145 2000.00 1002.38 0.423371 46.0394 3.09768 21.0557 0.613249 0 10.1509 0 4.01213 0 0 9.39888 3.91254 0.363294 1.30114 0.0550455
146 2000.00 1000.38 0.415313 46.1866 3.05719 21.0421 0.598431 0 10.1679 0 3.95548 0 0 9.33514 3.94848 0.371194 1.28321 0.054287
147 2000.00 998.38 0.407527 46.3331 3.01708 21.0278 0.583846 0 10.1852 0 3.89906 0 0 9.27116 3.98437 0.37925 1.2655 0.0535378
148 2000.00 996.37 0.400001 46.479 2.97737 21.0129 0.569496 0 10.203 0 3.84286 0 0 9.20695 4.02021 0.387466 1.248 0.0527975
149 2000.00 994.37 0.392722 46.6242 2.93803 20.9973 0.555383 0 10.2211 0 3.78687 0 0 9.1425 4.056 0.395847 1.2307 0.0520657
150 2000.00 992.37 0.385679 46.7688 2.89909 20.9811 0.541507 0 10.2395 0 3.73108 0 0 9.07781 4.09173 0.404398 1.2136 0.0513423
151 2000.00 990.36 0.378861 46.9128 2.86053 20.9643 0.527871 0 10.2582 0 3.6755 0 0 9.01291 4.12741 0.413124 1.19669 0.0506268
152 2000.00 988.36 0.372259 47.0563 2.82235 20.947 0.514475 0 10.2771 0 3.62012 0 0 8.94778 4.16304 0.422031 1.17996 0.0499191
153 2000.00 986.36 0.365862 47.1991 2.78456 20.9291 0.50132 0 10.2962 0 3.56493 0 0 8.88245 4.19861 0.431125 1.16341 0.0492188
154 2000.00 984.35 0.359662 47.3414 2.74715 20.9107 0.488407 0 10.3154 0 3.50994 0 0 8.8169 4.23412 0.440412 1.14702 0.0485256
155 2000.00 982.35 0.353650 47.4831 2.71013 20.8919 0.475739 0 10.3347 0 3.45513 0 0 8.75115 4.26958 0.449898 1.1308 0.0478394
156 2000.00 980.35 0.347817 47.6244 2.6735 20.8726 0.463315 0 10.354 0 3.40052 0 0 8.68521 4.30498 0.45959 1.11474 0.0471599
157 2000.00 978.35 0.342157 47.7651 2.63725 20.853 0.451138 0 10.3732 0 3.34609 0 0 8.61908 4.34033 0.469496 1.09883 0.0464869
158 2000.00 976.34 0.336662 47.9054 2.60139 20.8329 0.439206 0 10.3923 0 3.29186 0 0 8.55277 4.37563 0.479623 1.08307 0.0458202
159 2000.00 974.34 0.331325 48.0452 2.56592 20.8125 0.427522 0 10.4112 0 3.23782 0 0 8.48628 4.41087 0.489979 1.06746 0.0451595
160 2000.00 972.34 0.326139 48.1847 2.53084 20.7918 0.416086 0 10.4298 0 3.18398 0 0 8.41962 4.44606 0.500571 1.05198 0.0445046
161 2000.00 970.33 0.321098 48.3237 2.49615 20.7708 0.404898 0 10.4481 0 3.13034 0 0 8.35279 4.48121 0.511411 1.03663 0.0438554
162 2000.00 968.33 0.316197 48.4625 2.46184 20.7496 0.393959 0 10.466 0 3.07691 0 0 8.2858 4.5163 0.522505 1.02141 0.0432117
163 2000.00 966.33 0.311429 48.6009 2.42793 20.7281 0.383268 0 10.4833 0 3.02369 0 0 8.21865 4.55135 0.533865 1.00632 0.0425732
164 2000.00 964.32 0.306790 48.739 2.3944 20.7065 0.372826 0 10.5001 0 2.9707 0 0 8.15134 4.58636 0.545502 0.99135 0.0419398
165 2000.00 962.32 0.302275 48.8768 2.36127 20.6847 0.362631 0 10.5162 0 2.91793 0 0 8.08389 4.62132 0.557425 0.976495 0.0413113
166 2000.00 960.32 0.297878 49.0145 2.32852 20.6627 0.352685 0 10.5316 0 2.86539 0 0 8.01629 4.65625 0.569646 0.961752 0.0406876
167 2000.00 958.32 0.293596 49.152 2.29616 20.6406 0.342985 0 10.5461 0 2.81311 0 0 7.94854 4.69113 0.582179 0.947116 0.0400685
168 2000.00 956.31 0.289424 49.2893 2.26419 20.6185 0.333531 0 10.5597 0 2.76107 0 0 7.88065 4.72598 0.595037 0.932585 0.0394537
169 2000.00 954.31 0.285358 49.4265 2.2326 20.5963 0.324321 0 10.5723 0 2.70931 0 0 7.81261 4.76079 0.608232 0.918155 0.0388432
170 2000.00 952.31 0.281395 49.5637 2.2014 20.574 0.315355 0 10.5838 0 2.65783 0 0 7.74442 4.79557 0.621781 0.90382 0.0382368
171 2000.00 950.30 0.277531 49.7009 2.17058 20.5518 0.306631 0 10.5942 0 2.60663 0 0 7.67609 4.83032 0.635699 0.889579 0.0376343
172 2000.00 948.30 0.273762 49.8381 2.14014 20.5295 0.298147 0 10.6032 0 2.55574 0 0 7.6076 4.86503 0.650002 0.875426 0.0370355
173 2000.00 946.30 0.270087 49.9754 2.11008 20.5073 0.2899 0 10.611 0 2.50516 0 0 7.53896 4.89971 0.664709 0.861358 0.0364404
174 2000.00 944.29 0.266501 50.1128 2.08039 20.4851 0.281889 0 10.6173 0 2.4549 0 0 7.47016 4.93437 0.67984 0.847372 0.0358487
175 2000.00 942.29 0.263002 50.2504 2.05107 20.463 0.274111 0 10.6221 0 2.40499 0 0 7.40119 4.96899 0.695413 0.833464 0.0352603
176 2000.00 940.29 0.259588 50.3883 2.02212 20.441 0.266564 0 10.6253 0 2.35543 0 0 7.33204 5.00358 0.711452 0.819631 0.0346751
177 2000.00 938.28 0.256257 50.5264 1.99353 20.419 0.259245 0 10.6268 0 2.30624 0 0 7.2627 5.03814 0.727981 0.805868 0.0340928
178 2000.00 936.28 0.253005 50.6648 1.96529 20.3972 0.25215 0 10.6266 0 2.25742 0 0 7.19317 5.07267 0.745023 0.792173 0.0335135
179 2000.00 934.28 0.249832 50.8036 1.93742 20.3755 0.245276 0 10.6246 0 2.20899 0 0 7.12343 5.10716 0.762608 0.778542 0.0329368
180 2000.00 932.28 0.246736 50.9429 1.90988 20.3539 0.238621 0 10.6206 0 2.16096 0 0 7.05346 5.14162 0.780765 0.764971 0.0323627
181 2000.00 930.27 0.243714 51.0826 1.88269 20.3324 0.232181 0 10.6147 0 2.11334 0 0 6.98325 5.17604 0.799525 0.751458 0.031791
182 2000.00 928.27 0.240765 51.2229 1.85584 20.311 0.225951 0 10.6067 0 2.06615 0 0 6.91278 5.21042 0.818923 0.738 0.0312216
183 2000.00 926.27 0.237889 51.3639 1.82931 20.2898 0.219929 0 10.5966 0 2.01939 0 0 6.84203 5.24475 0.838999 0.724592 0.0306544
184 2000.00 924.26 0.235083 51.5056 1.80311 20.2687 0.21411 0 10.5843 0 1.97307 0 0 6.77097 5.27903 0.859792 0.711234 0.0300893
185 2000.00 922.26 0.232348 51.648 1.77721 20.2477 0.20849 0 10.5698 0 1.9272 0 0 6.69957 5.31325 0.881349 0.697921 0.029526
186 2000.00 920.26 0.229682 51.7913 1.75163 20.2269 0.203065 0 10.5528 0 1.88179 0 0 6.62782 5.34741 0.903719 0.684651 0.0289646
187 2000.00 918.25 0.227084 51.9355 1.72633 20.2061 0.197831 0 10.5335 0 1.83685 0 0 6.55567 5.3815 0.926959 0.671422 0.028405
188 2000.00 916.25 0.224555 52.0807 1.70133 20.1855 0.192783 0 10.5116 0 1.79238 0 0 6.48309 5.4155 0.951128 0.658232 0.027847
189 2000.00 914.25 0.222095 52.227 1.67659 20.1649 0.187917 0 10.4871 0 1.74838 0 0 6.41004 5.44942 0.976296 0.645079 0.0272905
190 2000.00 912.25 0.219703 52.3746 1.65212 20.1444 0.183228 0 10.4599 0 1.70486 0 0 6.33647 5.48324 1.00254 0.631962 0.0267356
191 2000.00 910.24 0.217379 52.5235 1.62791 20.1239 0.178712 0 10.4299 0 1.66183 0 0 6.26232 5.51695 1.02994 0.618881 0.0261822
192 2000.00 908.24 0.215126 52.6739 1.60393 20.1034 0.174363 0 10.397 0 1.61927 0 0 6.18755 5.55053 1.0586 0.605834 0.0256303
193 2000.00 906.24 0.212943 52.8259 1.58017 20.0829 0.170176 0 10.361 0 1.57719 0 0 6.11208 5.58396 1.08863 0.592823 0.0250798
194 2000.00 904.23 0.210833 52.9797 1.55662 20.0624 0.166147 0 10.322 0 1.53559 0 0 6.03584 5.61724 1.12015 0.579848 0.0245309
195 2000.00 902.23 0.208797 53.1354 1.53326 20.0417 0.162269 0 10.2796 0 1.49446 0 0 5.95873 5.65033 1.15332 0.566912 0.0239836
196 2000.00 900.23 0.206838 53.2934 1.51007 20.0209 0.158537 0 10.2337 0 1.45378 0 0 5.88066 5.68322 1.18829 0.554018 0.0234381
197 2000.00 898.22 0.204960 53.4537 1.48702 19.9999 0.154946 0 10.1841 0 1.41356 0 0 5.8015 5.71588 1.22528 0.54117 0.0228946
198 2000.00 896.22 0.203167 53.6168 1.46409 19.9786 0.151488 0 10.1306 0 1.37376 0 0 5.72112 5.74827 1.26452 0.528375 0.0223533
199 2000.00 894.22 0.201465 53.783 1.44125 19.9569 0.148157 0 10.0729 0 1.33437 0 0 5.63933 5.78035 1.30629 0.515643 0.0218146
200 2000.00 892.22 0.199862 53.9528 1.41846 19.9347 0.144945 0 10.0106 0 1.29536 0 0 5.55593 5.81208 1.35094 0.502984 0.0212791
201 2000.00 890.21 0.198367 54.1266 1.39568 19.9119 0.141844 0 9.94318 0 1.25669 0 0 5.47065 5.84341 1.39892 0.490415 0.0207474
202 2000.00 888.21 0.196993 54.3051 1.37284 19.8883 0.138844 0 9.87019 0 1.21832 0 0 5.38317 5.87427 1.45076 0.477956 0.0202203
203 2000.00 886.21 0.195756 54.4894 1.34988 19.8637 0.135933 0 9.79083 0 1.18017 0 0 5.29306 5.90456 1.50719 0.465636 0.0196991
204 2000.00 884.20 0.391347 59.8389 0.993285 18.4768 0.068087 0 4.9127 0 0.564745 0 0 2.58983 4.2983 7.58682 0.64332 0.0272161
205 2000.00 882.20 0.475160 60.8445 0.913919 18.2253 0.0625066 0 4.00374 0 0.443729 0 0 2.07923 3.98514 8.74411 0.669448 0.0283215
206 2000.00 880.20 0.464551 60.8662 0.899051 18.2403 0.0613579 0 4.00381 0 0.435253 0 0 2.07329 3.97766 8.75668 0.658587 0.027862
207 2000.00 878.19 0.454269 60.8877 0.884264 18.2552 0.0602249 0 4.00365 0 0.426894 0 0 2.06753 3.97046 8.76878 0.647844 0.0274075
208 2000.00 876.19 0.444300 60.9092 0.869564 18.2702 0.0591074 0 4.00329 0 0.418653 0 0 2.06192 3.96355 8.7804 0.637212 0.0269577
209 2000.00 874.19 0.434630 60.9304 0.854955 18.2852 0.0580053 0 4.00276 0 0.410528 0 0 2.05648 3.95695 8.79151 0.62668 0.0265122
210 2000.00 872.18 0.425245 60.9516 0.84044 18.3002 0.0569183 0 4.00208 0 0.402521 0 0 2.05119 3.95067 8.80209 0.61624 0.0260705
211 2000.00 870.18 0.416132 60.9726 0.826023 18.3153 0.0558463 0 4.00128 0 0.394631 0 0 2.04606 3.9447 8.81212 0.605881 0.0256322
212 2000.00 868.18 0.407279 60.9934 0.811708 18.3304 0.0547892 0 4.00038 0 0.386857 0 0 2.04107 3.93906 8.82157 0.595596 0.0251971
213 2000.00 866.18 0.398674 61.014 0.797499 18.3455 0.0537467 0 3.99941 0 0.3792 0 0 2.03624 3.93376 8.83041 0.585375 0.0247647
214 2000.00 864.17 0.390307 61.0345 0.7834 18.3608 0.0527189 0 3.99841 0 0.371658 0 0 2.03154 3.92881 8.83864 0.575208 0.0243346
215 2000.00 862.17 0.382167 61.0548 0.769414 18.376 0.0517055 0 3.99738 0 0.364232 0 0 2.02698 3.92422 8.84622 0.565087 0.0239064
216 2000.00 860.17 0.374245 61.0749 0.755545 18.3914 0.0507064 0 3.99637 0 0.356921 0 0 2.02256 3.91999 8.85314 0.555001 0.0234797
217 2000.00 858.16 0.366530 61.0948 0.741796 18.4067 0.0497215 0 3.99539 0 0.349723 0 0 2.01826 3.91614 8.85937 0.544943 0.0230542
218 2000.00 856.16 0.359014 61.1146 0.728171 18.4222 0.0487507 0 3.99449 0 0.342639 0 0 2.01409 3.91268 8.86488 0.534901 0.0226294
219 2000.00 854.16 0.351689 61.1341 0.714672 18.4378 0.047794 0 3.99367 0 0.335666 0 0 2.01003 3.90961 8.86966 0.524868 0.0222049
220 2000.00 852.15 0.344546 61.1534 0.701305 18.4534 0.0468512 0 3.99297 0 0.328804 0 0 2.00608 3.90694 8.87369 0.514831 0.0217803
221 2000.00 850.15 0.337578 61.1725 0.688071 18.4691 0.0459223 0 3.99243 0 0.322052 0 0 2.00223 3.90469 8.87695 0.504783 0.0213552
222 2000.00 848.15 0.330777 61.1913 0.674974 18.4849 0.0450072 0 3.99205 0 0.315408 0 0 1.99848 3.90286 8.8794 0.494712 0.0209291
223 2000.00 846.15 0.324137 61.21 0.662016 18.5007 0.0441058 0 3.99188 0 0.308872 0 0 1.99481 3.90146 8.88105 0.484607 0.0205017
224 2000.00 844.14 0.321785 61.4399 0.661466 18.2299 0.0861602 0 3.54828 0 0.381152 0 0 2.34708 3.75643 9.06928 0.460862 0.0194971
225 2000.00 842.14 0.316719 61.5304 0.651882 18.1431 0.100642 0 3.40445 0 0.398817 0 0 2.47041 3.7095 9.12679 0.445222 0.0188355
226 2000.00 840.14 0.310249 61.5434 0.637736 18.1608 0.0992983 0 3.42671 0 0.386854 0 0 2.46259 3.71747 9.11241 0.434344 0.0183752
227 2000.00 838.13 0.303933 61.5564 0.623819 18.1785 0.0980189 0 3.4489 0 0.375021 0 0 2.45495 3.72583 9.09727 0.423343 0.0179098
228 2000.00 836.13 0.297764 61.5694 0.610131 18.1962 0.0968025 0 3.47105 0 0.36332 0 0 2.44748 3.7346 9.08135 0.412204 0.0174386
229 2000.00 834.13 0.289899 61.181 0.602744 18.3813 0.0812193 0 3.58932 0 0.338497 0 0 2.58275 3.61083 9.22292 0.392766 0.0166163
230 2000.00 832.12 0.284096 61.1899 0.595812 18.395 0.0808871 0 3.60422 0 0.329164 0 0 2.58268 3.61894 9.20611 0.381157 0.0161251
231 2000.00 830.12 0.278203 61.2075 0.58327 18.4154 0.0789692 0 3.63344 0 0.317743 0 0 2.56403 3.63763 9.17638 0.369949 0.015651
232 2000.00 828.12 0.272448 61.2255 0.570809 18.4358 0.0771203 0 3.66229 0 0.306545 0 0 2.54549 3.65661 9.14616 0.358546 0.0151686
233 2000.00 826.12 0.266826 61.2438 0.558446 18.4561 0.0753378 0 3.6908 0 0.295568 0 0 2.52703 3.67591 9.11545 0.346933 0.0146772
234 2000.00 824.11 0.261332 61.2624 0.546194 18.4763 0.0736196 0 3.71901 0 0.284807 0 0 2.50862 3.69552 9.08424 0.335093 0.0141764
235 2000.00 822.11 0.255962 61.2814 0.534068 18.4965 0.0719636 0 3.74693 0 0.274257 0 0 2.49024 3.71544 9.05254 0.323011 0.0136652
236 2000.00 820.11 1.603063 57.8753 1.54674 17.4861 0.147981 0 7.80664 0 0.477004 0 0 3.24368 4.59091 6.38507 0.285522 0.0119154